3.270e-02
9.590e-02
2.734e-02
8.611e-03
5.708e-03
4.506e-03
3.698e-03
3.206e-03
0.000e+00
0.000e+00
0.000e+00
0.000e+00
0.000e+00
0.000e+00
0.000e+00
0.000e+00
0.000e+00
0.000e+00
0.000e+00
0.000e+00
0.000e+00
0.000e+00
0.000e+00
0.000e+00
0.000e+00
0.000e+00
0.000e+00
0.000e+00
0.000e+00
0.000e+00
0.000e+00
0.000e+00
0.000e+00
0.000e+00
0.000e+00
0.000e+00
0.000e+00
0.000e+00
0.000e+00
0.000e+00
0.000e+00
0.000e+00
0.000e+00
0.000e+00
0.000e+00
0.000e+00
0.000e+00
0.000e+00
0.000e+00
1.011e-01
2.974e-01
8.399e-02
2.781e-02
2.081e-02
1.564e-02
1.354e-02
6.485e-03
5.123e-03
0.000e+00
0.000e+00
0.000e+00
0.000e+00
0.000e+00
0.000e+00
0.000e+00
0.000e+00
0.000e+00
0.000e+00
0.000e+00
0.000e+00
0.000e+00
0.000e+00
0.000e+00
0.000e+00
0.000e+00
0.000e+00
0.000e+00
0.000e+00
0.000e+00
0.000e+00
0.000e+00
0.000e+00
0.000e+00
0.000e+00
0.000e+00
0.000e+00
0.000e+00
0.000e+00
0.000e+00
0.000e+00
0.000e+00
0.000e+00
0.000e+00
0.000e+00
0.000e+00
0.000e+00
0.000e+00
0.000e+00
9.477e-02
2.805e-01
7.526e-02
2.493e-02
2.076e-02
1.511e-02
9.880e-03
7.576e-03
9.271e-03
3.279e-03
0.000e+00
0.000e+00
0.000e+00
0.000e+00
0.000e+00
0.000e+00
0.000e+00
0.000e+00
0.000e+00
0.000e+00
0.000e+00
0.000e+00
0.000e+00
0.000e+00
0.000e+00
0.000e+00
0.000e+00
0.000e+00
0.000e+00
0.000e+00
0.000e+00
0.000e+00
0.000e+00
0.000e+00
0.000e+00
0.000e+00
0.000e+00
0.000e+00
0.000e+00
0.000e+00
0.000e+00
0.000e+00
0.000e+00
0.000e+00
0.000e+00
0.000e+00
0.000e+00
0.000e+00
0.000e+00
9.939e-02
2.505e-01
7.580e-02
2.646e-02
2.086e-02
1.135e-02
8.464e-03
1.009e-02
8.464e-03
5.374e-03
7.647e-04
0.000e+00
0.000e+00
0.000e+00
0.000e+00
0.000e+00
0.000e+00
0.000e+00
0.000e+00
0.000e+00
0.000e+00
0.000e+00
0.000e+00
0.000e+00
0.000e+00
0.000e+00
0.000e+00
0.000e+00
0.000e+00
0.000e+00
0.000e+00
0.000e+00
0.000e+00
0.000e+00
0.000e+00
0.000e+00
0.000e+00
0.000e+00
0.000e+00
0.000e+00
0.000e+00
0.000e+00
0.000e+00
0.000e+00
0.000e+00
0.000e+00
0.000e+00
0.000e+00
0.000e+00
8.896e-02
2.909e-01
7.656e-02
2.376e-02
1.950e-02
1.461e-02
8.464e-03
9.314e-03
7.323e-03
4.799e-03
6.935e-03
1.184e-03
0.000e+00
0.000e+00
0.000e+00
0.000e+00
0.000e+00
0.000e+00
0.000e+00
0.000e+00
0.000e+00
0.000e+00
0.000e+00
0.000e+00
0.000e+00
0.000e+00
0.000e+00
0.000e+00
0.000e+00
0.000e+00
0.000e+00
0.000e+00
0.000e+00
0.000e+00
0.000e+00
0.000e+00
0.000e+00
0.000e+00
0.000e+00
0.000e+00
0.000e+00
0.000e+00
0.000e+00
0.000e+00
0.000e+00
0.000e+00
0.000e+00
0.000e+00
0.000e+00
8.759e-02
2.347e-01
7.584e-02
2.169e-02
1.335e-02
9.923e-03
9.785e-03
7.335e-03
8.026e-03
8.981e-03
4.328e-03
2.346e-03
1.624e-03
4.404e-04
0.000e+00
0.000e+00
0.000e+00
0.000e+00
0.000e+00
0.000e+00
0.000e+00
0.000e+00
0.000e+00
0.000e+00
0.000e+00
0.000e+00
0.000e+00
0.000e+00
0.000e+00
0.000e+00
0.000e+00
0.000e+00
0.000e+00
0.000e+00
0.000e+00
0.000e+00
0.000e+00
0.000e+00
0.000e+00
0.000e+00
0.000e+00
0.000e+00
0.000e+00
0.000e+00
0.000e+00
0.000e+00
0.000e+00
0.000e+00
0.000e+00
8.597e-02
2.462e-01
6.599e-02
2.395e-02
1.595e-02
1.093e-02
8.445e-03
7.659e-03
6.935e-03
6.045e-03
4.567e-03
3.206e-03
3.374e-03
2.649e-03
9.636e-04
0.000e+00
0.000e+00
0.000e+00
0.000e+00
0.000e+00
0.000e+00
0.000e+00
0.000e+00
0.000e+00
0.000e+00
0.000e+00
0.000e+00
0.000e+00
0.000e+00
0.000e+00
0.000e+00
0.000e+00
0.000e+00
0.000e+00
0.000e+00
0.000e+00
0.000e+00
0.000e+00
0.000e+00
0.000e+00
0.000e+00
0.000e+00
0.000e+00
0.000e+00
0.000e+00
0.000e+00
0.000e+00
0.000e+00
0.000e+00
7.618e-02
2.146e-01
6.225e-02
1.940e-02
1.599e-02
1.149e-02
9.406e-03
7.500e-03
7.742e-03
8.748e-03
3.080e-03
1.958e-03
4.821e-03
4.515e-03
3.289e-03
2.178e-03
0.000e+00
0.000e+00
0.000e+00
0.000e+00
0.000e+00
0.000e+00
0.000e+00
0.000e+00
0.000e+00
0.000e+00
0.000e+00
0.000e+00
0.000e+00
0.000e+00
0.000e+00
0.000e+00
0.000e+00
0.000e+00
0.000e+00
0.000e+00
0.000e+00
0.000e+00
0.000e+00
0.000e+00
0.000e+00
0.000e+00
0.000e+00
0.000e+00
0.000e+00
0.000e+00
0.000e+00
0.000e+00
0.000e+00
8.136e-02
2.283e-01
5.878e-02
1.993e-02
1.300e-02
1.097e-02
7.742e-03
7.259e-03
7.856e-03
7.846e-03
3.466e-03
4.515e-03
2.756e-03
3.111e-03
4.494e-03
3.992e-03
3.509e-03
9.423e-04
0.000e+00
0.000e+00
0.000e+00
0.000e+00
0.000e+00
0.000e+00
0.000e+00
0.000e+00
0.000e+00
0.000e+00
0.000e+00
0.000e+00
0.000e+00
0.000e+00
0.000e+00
0.000e+00
0.000e+00
0.000e+00
0.000e+00
0.000e+00
0.000e+00
0.000e+00
0.000e+00
0.000e+00
0.000e+00
0.000e+00
0.000e+00
0.000e+00
0.000e+00
0.000e+00
0.000e+00
1.002e-01
2.892e-01
7.968e-02
2.680e-02
1.951e-02
1.327e-02
1.118e-02
8.118e-03
8.369e-03
8.736e-03
2.683e-03
4.683e-03
5.384e-03
3.833e-03
3.478e-03
4.546e-03
4.662e-03
3.521e-03
2.860e-03
1.058e-03
0.000e+00
0.000e+00
0.000e+00
0.000e+00
0.000e+00
0.000e+00
0.000e+00
0.000e+00
0.000e+00
0.000e+00
0.000e+00
0.000e+00
0.000e+00
0.000e+00
0.000e+00
0.000e+00
0.000e+00
0.000e+00
0.000e+00
0.000e+00
0.000e+00
0.000e+00
0.000e+00
0.000e+00
0.000e+00
0.000e+00
0.000e+00
0.000e+00
0.000e+00
1.031e-01
2.766e-01
8.566e-02
2.639e-02
1.640e-02
1.309e-02
9.259e-03
8.623e-03
8.329e-03
5.950e-03
3.416e-03
4.714e-03
4.799e-03
4.558e-03
2.806e-03
5.270e-03
4.316e-03
3.992e-03
3.625e-03
2.839e-03
1.802e-03
4.404e-04
0.000e+00
0.000e+00
0.000e+00
0.000e+00
0.000e+00
0.000e+00
0.000e+00
0.000e+00
0.000e+00
0.000e+00
0.000e+00
0.000e+00
0.000e+00
0.000e+00
0.000e+00
0.000e+00
0.000e+00
0.000e+00
0.000e+00
0.000e+00
0.000e+00
0.000e+00
0.000e+00
0.000e+00
0.000e+00
0.000e+00
0.000e+00
8.204e-02
2.443e-01
6.871e-02
1.848e-02
1.637e-02
9.984e-03
5.959e-03
5.950e-03
4.295e-03
6.307e-03
4.546e-03
4.683e-03
2.881e-03
3.594e-03
2.597e-03
3.677e-03
2.514e-03
2.964e-03
3.698e-03
7.647e-04
3.594e-03
4.787e-03
1.413e-03
4.404e-04
0.000e+00
0.000e+00
0.000e+00
0.000e+00
0.000e+00
0.000e+00
0.000e+00
0.000e+00
0.000e+00
0.000e+00
0.000e+00
0.000e+00
0.000e+00
0.000e+00
0.000e+00
0.000e+00
0.000e+00
0.000e+00
0.000e+00
0.000e+00
0.000e+00
0.000e+00
0.000e+00
0.000e+00
0.000e+00
7.445e-02
2.310e-01
6.479e-02
2.712e-02
1.283e-02
5.268e-03
8.381e-03
7.804e-03
7.574e-03
6.871e-03
5.206e-03
4.934e-03
2.524e-03
2.787e-03
2.545e-03
2.848e-03
2.869e-03
2.441e-03
3.729e-03
4.169e-03
2.661e-03
4.148e-03
3.426e-03
3.289e-03
2.294e-03
0.000e+00
0.000e+00
0.000e+00
0.000e+00
0.000e+00
0.000e+00
0.000e+00
0.000e+00
0.000e+00
0.000e+00
0.000e+00
0.000e+00
0.000e+00
0.000e+00
0.000e+00
0.000e+00
0.000e+00
0.000e+00
0.000e+00
0.000e+00
0.000e+00
0.000e+00
0.000e+00
0.000e+00
8.806e-02
2.384e-01
6.758e-02
2.113e-02
1.761e-02
1.089e-02
1.089e-02
8.443e-03
8.862e-03
8.014e-03
3.142e-03
3.478e-03
3.634e-03
4.818e-03
3.686e-03
2.692e-03
4.179e-03
3.142e-03
4.411e-03
4.619e-03
2.325e-03
2.472e-03
2.964e-03
4.671e-03
2.242e-03
2.472e-03
3.499e-03
1.634e-03
4.404e-04
0.000e+00
0.000e+00
0.000e+00
0.000e+00
0.000e+00
0.000e+00
0.000e+00
0.000e+00
0.000e+00
0.000e+00
0.000e+00
0.000e+00
0.000e+00
0.000e+00
0.000e+00
0.000e+00
0.000e+00
0.000e+00
0.000e+00
0.000e+00
9.544e-02
2.599e-01
7.314e-02
2.494e-02
1.666e-02
1.259e-02
7.280e-03
6.044e-03
5.763e-03
8.182e-03
2.744e-03
3.132e-03
2.652e-03
2.618e-03
4.139e-03
4.891e-03
3.949e-03
4.316e-03
4.389e-03
2.881e-03
3.478e-03
3.750e-03
1.897e-03
1.844e-03
2.735e-03
5.197e-03
3.049e-03
2.346e-03
3.184e-03
2.735e-03
1.006e-03
7.647e-04
0.000e+00
0.000e+00
0.000e+00
0.000e+00
0.000e+00
0.000e+00
0.000e+00
0.000e+00
0.000e+00
0.000e+00
0.000e+00
0.000e+00
0.000e+00
0.000e+00
0.000e+00
0.000e+00
0.000e+00
1.060e-01
3.030e-01
8.198e-02
2.834e-02
1.921e-02
1.386e-02
1.330e-02
1.155e-02
9.323e-03
4.839e-03
5.069e-03
3.132e-03
5.751e-03
5.071e-03
4.998e-03
4.735e-03
4.662e-03
3.478e-03
4.808e-03
3.447e-03
6.203e-03
2.881e-03
3.625e-03
4.851e-03
3.878e-03
3.551e-03
3.270e-03
2.829e-03
3.227e-03
4.913e-03
2.566e-03
3.123e-03
1.487e-03
6.393e-04
3.978e-04
0.000e+00
0.000e+00
0.000e+00
0.000e+00
0.000e+00
0.000e+00
0.000e+00
0.000e+00
0.000e+00
0.000e+00
0.000e+00
0.000e+00
0.000e+00
0.000e+00
8.196e-02
2.496e-01
6.864e-02
2.672e-02
1.666e-02
1.046e-02
8.308e-03
6.717e-03
6.246e-03
5.595e-03
5.846e-03
3.918e-03
4.631e-03
4.411e-03
3.478e-03
4.683e-03
2.713e-03
4.023e-03
4.065e-03
2.787e-03
3.080e-03
3.300e-03
2.368e-03
3.279e-03
1.520e-03
2.671e-03
3.258e-03
2.640e-03
1.823e-03
4.181e-03
2.221e-03
2.986e-03
2.200e-03
3.080e-03
4.778e-03
1.750e-03
9.115e-04
2.202e-04
0.000e+00
0.000e+00
0.000e+00
0.000e+00
0.000e+00
0.000e+00
0.000e+00
0.000e+00
0.000e+00
0.000e+00
0.000e+00
9.950e-02
3.128e-01
8.041e-02
2.730e-02
1.689e-02
1.308e-02
1.161e-02
9.501e-03
1.039e-02
9.742e-03
5.521e-03
3.102e-03
5.185e-03
5.164e-03
3.741e-03
3.814e-03
5.059e-03
2.001e-03
2.735e-03
3.132e-03
2.325e-03
2.462e-03
3.667e-03
2.839e-03
3.603e-03
1.854e-03
2.787e-03
5.310e-03
3.667e-03
5.102e-03
4.442e-03
1.080e-03
2.964e-03
1.707e-03
1.970e-03
2.200e-03
1.896e-03
3.918e-03
2.955e-03
1.676e-03
7.860e-04
0.000e+00
0.000e+00
0.000e+00
0.000e+00
0.000e+00
0.000e+00
0.000e+00
0.000e+00
1.135e-01
3.356e-01
9.125e-02
3.072e-02
2.227e-02
1.118e-02
9.042e-03
7.898e-03
9.189e-03
7.448e-03
6.087e-03
3.949e-03
5.133e-03
6.066e-03
4.056e-03
3.710e-03
3.686e-03
5.280e-03
4.484e-03
4.179e-03
1.780e-03
5.310e-03
3.322e-03
4.891e-03
2.713e-03
2.671e-03
4.870e-03
4.148e-03
4.252e-03
3.551e-03
2.692e-03
2.429e-03
2.252e-03
1.823e-03
3.637e-03
2.484e-03
2.420e-03
2.976e-03
1.896e-03
1.184e-03
1.823e-03
2.735e-03
1.425e-03
1.634e-03
1.989e-04
2.202e-04
0.000e+00
0.000e+00
0.000e+00
1.150e-01
3.510e-01
9.731e-02
2.933e-02
2.092e-02
1.497e-02
1.310e-02
8.055e-03
7.354e-03
1.038e-02
5.353e-03
5.228e-03
5.415e-03
4.567e-03
3.206e-03
4.830e-03
3.184e-03
4.506e-03
2.200e-03
5.415e-03
4.347e-03
4.304e-03
3.781e-03
4.515e-03
2.640e-03
5.751e-03
4.295e-03
2.429e-03
2.756e-03
3.215e-03
4.368e-03
2.934e-03
3.331e-03
3.478e-03
1.425e-03
2.848e-03
5.448e-03
2.493e-03
4.105e-03
2.744e-03
2.368e-03
3.111e-03
2.368e-03
1.435e-03
3.132e-03
2.337e-03
2.083e-03
1.949e-03
4.191e-04
1.114e-01
3.378e-01
9.147e-02
2.840e-02
1.896e-02
1.194e-02
1.178e-02
9.174e-03
1.117e-02
8.620e-03
7.512e-03
5.469e-03
3.741e-03
5.708e-03
5.017e-03
5.176e-03
4.567e-03
3.573e-03
4.096e-03
2.903e-03
4.442e-03
2.588e-03
5.625e-03
3.457e-03
3.729e-03
3.582e-03
3.750e-03
3.111e-03
2.640e-03
2.891e-03
1.655e-03
3.227e-03
1.802e-03
3.331e-03
3.267e-03
3.793e-03
1.340e-03
2.169e-03
3.289e-03
1.603e-03
2.787e-03
2.273e-03
2.671e-03
2.649e-03
2.074e-03
2.410e-03
2.472e-03
1.634e-03
2.126e-03
9.244e-02
2.709e-01
8.163e-02
2.974e-02
1.967e-02
1.300e-02
8.864e-03
8.024e-03
9.437e-03
7.534e-03
6.494e-03
2.933e-03
5.301e-03
3.270e-03
5.396e-03
4.139e-03
6.182e-03
3.625e-03
3.184e-03
1.949e-03
3.771e-03
3.656e-03
4.295e-03
3.331e-03
3.625e-03
3.949e-03
1.885e-03
1.499e-03
4.212e-03
1.970e-03
3.059e-03
2.242e-03
2.588e-03
2.735e-03
1.456e-03
1.676e-03
3.646e-03
2.316e-03
9.636e-04
1.970e-03
2.514e-03
2.389e-03
7.860e-04
1.624e-03
1.529e-03
1.707e-03
2.190e-03
2.147e-03
1.875e-03
9.013e-02
2.772e-01
8.081e-02
2.264e-02
1.995e-02
1.308e-02
1.142e-02
1.115e-02
6.234e-03
8.810e-03
5.604e-03
5.720e-03
4.105e-03
5.102e-03
5.384e-03
2.765e-03
2.368e-03
3.374e-03
1.477e-03
2.839e-03
2.692e-03
3.509e-03
2.588e-03
1.560e-03
3.374e-03
2.787e-03
2.860e-03
2.912e-03
2.043e-03
2.074e-03
3.206e-03
2.618e-03
1.854e-03
1.080e-03
1.750e-03
2.566e-03
1.624e-03
2.545e-03
1.603e-03
2.273e-03
9.115e-04
2.242e-03
2.273e-03
4.191e-04
2.022e-03
6.393e-04
1.477e-03
2.095e-03
1.499e-03
1.164e-01
3.045e-01
8.590e-02
3.897e-02
1.837e-02
1.573e-02
1.465e-02
9.513e-03
9.082e-03
8.118e-03
5.531e-03
5.573e-03
5.228e-03
3.698e-03
4.494e-03
5.604e-03
4.662e-03
4.399e-03
2.986e-03
6.234e-03
3.551e-03
3.478e-03
2.735e-03
3.383e-03
4.084e-03
3.132e-03
5.531e-03
3.362e-03
2.147e-03
3.539e-03
2.964e-03
1.979e-03
2.995e-03
3.466e-03
2.242e-03
2.190e-03
2.588e-03
3.447e-03
1.582e-03
1.655e-03
1.257e-03
2.713e-03
7.647e-04
6.606e-04
1.823e-03
2.105e-03
1.487e-03
2.147e-03
1.802e-03
1.269e-01
3.559e-01
1.005e-01
3.473e-02
2.130e-02
1.854e-02
1.308e-02
1.212e-02
1.091e-02
8.391e-03
5.846e-03
5.310e-03
8.379e-03
7.332e-03
5.561e-03
4.640e-03
5.299e-03
5.803e-03
5.876e-03
6.210e-03
3.561e-03
3.102e-03
4.965e-03
5.770e-03
4.681e-03
3.478e-03
2.126e-03
2.986e-03
3.132e-03
3.090e-03
4.335e-03
5.583e-03
5.656e-03
4.179e-03
3.404e-03
3.708e-03
2.744e-03
2.368e-03
2.294e-03
4.986e-03
2.472e-03
2.995e-03
1.603e-03
3.897e-03
1.205e-03
1.383e-03
1.780e-03
2.252e-03
1.707e-03
1.246e-01
3.599e-01
1.014e-01
3.146e-02
2.381e-02
1.449e-02
1.244e-02
1.479e-02
1.040e-02
7.657e-03
5.102e-03
3.888e-03
3.949e-03
3.845e-03
5.029e-03
4.998e-03
6.170e-03
5.417e-03
2.955e-03
4.013e-03
6.390e-03
4.295e-03
3.111e-03
2.420e-03
2.765e-03
3.007e-03
3.120e-03
5.426e-03
5.344e-03
5.552e-03
3.655e-03
3.615e-03
2.933e-03
1.676e-03
4.903e-03
4.285e-03
1.413e-03
3.120e-03
2.022e-03
1.802e-03
2.147e-03
4.013e-03
2.933e-03
1.823e-03
1.676e-03
1.404e-03
1.771e-03
1.456e-03
2.536e-03
1.136e-01
3.509e-01
1.065e-01
3.303e-02
1.866e-02
1.686e-02
1.393e-02
1.135e-02
7.427e-03
9.627e-03
7.051e-03
3.897e-03
6.454e-03
4.588e-03
5.919e-03
4.683e-03
4.820e-03
6.023e-03
2.618e-03
4.787e-03
4.567e-03
3.111e-03
3.992e-03
3.603e-03
5.711e-03
5.270e-03
3.655e-03
4.117e-03
2.995e-03
2.912e-03
3.530e-03
2.860e-03
3.866e-03
1.624e-03
1.771e-03
3.404e-03
1.949e-03
2.493e-03
1.823e-03
2.346e-03
1.184e-03
3.573e-03
2.808e-03
3.573e-03
2.609e-03
1.080e-03
1.404e-03
2.022e-03
1.728e-03
1.333e-01
3.560e-01
1.024e-01
3.209e-02
2.583e-02
1.855e-02
1.433e-02
1.243e-02
1.153e-02
5.448e-03
6.139e-03
6.819e-03
4.766e-03
5.154e-03
4.818e-03
4.671e-03
6.369e-03
6.399e-03
3.090e-03
4.745e-03
5.656e-03
4.861e-03
4.013e-03
4.453e-03
2.536e-03
4.432e-03
3.154e-03
2.640e-03
3.677e-03
3.542e-03
4.662e-03
3.184e-03
3.677e-03
3.206e-03
3.677e-03
1.560e-03
2.242e-03
3.279e-03
2.147e-03
2.043e-03
2.933e-03
1.844e-03
2.976e-03
2.169e-03
1.499e-03
2.315e-03
1.750e-03
1.728e-03
2.263e-03
4.888e-02
3.152e-01
8.679e-02
3.542e-02
2.138e-02
1.285e-02
1.237e-02
1.163e-02
1.132e-02
1.147e-02
3.163e-03
5.280e-03
4.243e-03
3.132e-03
3.206e-03
4.714e-03
3.404e-03
2.117e-03
4.965e-03
3.341e-03
4.191e-03
2.178e-03
2.869e-03
3.582e-03
3.310e-03
2.860e-03
4.252e-03
4.295e-03
5.341e-03
1.529e-03
2.221e-03
3.634e-03
3.059e-03
2.178e-03
2.169e-03
1.487e-03
2.514e-03
3.007e-03
2.252e-03
1.331e-03
1.141e-03
4.001e-03
2.817e-03
2.178e-03
1.802e-03
2.126e-03
2.796e-03
1.707e-03
2.682e-03
0.000e+00
1.473e-01
9.215e-02
3.163e-02
2.111e-02
1.225e-02
8.599e-03
6.901e-03
7.164e-03
9.366e-03
4.745e-03
5.111e-03
1.750e-03
2.943e-03
2.986e-03
3.258e-03
2.117e-03
4.148e-03
3.980e-03
4.693e-03
2.619e-03
3.236e-03
3.812e-03
3.561e-03
3.719e-03
3.236e-03
2.545e-03
5.310e-03
4.179e-03
1.802e-03
2.891e-03
2.723e-03
2.325e-03
2.450e-03
2.933e-03
3.824e-03
1.361e-03
2.891e-03
2.377e-03
3.750e-03
6.180e-04
2.001e-03
3.978e-04
2.325e-03
1.738e-03
7.434e-04
9.636e-04
1.184e-03
2.304e-03
0.000e+00
3.132e-03
6.089e-02
3.641e-02
2.362e-02
1.491e-02
1.445e-02
1.110e-02
1.206e-02
7.458e-03
6.830e-03
7.081e-03
4.074e-03
6.369e-03
3.478e-03
4.325e-03
4.347e-03
3.059e-03
3.478e-03
5.206e-03
7.479e-03
3.634e-03
5.017e-03
5.708e-03
4.368e-03
3.310e-03
4.567e-03
5.289e-03
3.163e-03
4.576e-03
5.206e-03
4.432e-03
2.943e-03
3.362e-03
3.288e-03
4.662e-03
3.038e-03
3.509e-03
1.750e-03
2.839e-03
4.126e-03
2.441e-03
3.404e-03
2.597e-03
2.765e-03
1.832e-03
1.560e-03
1.906e-03
2.441e-03
0.000e+00
0.000e+00
9.423e-04
2.375e-02
2.178e-02
1.317e-02
1.604e-02
1.009e-02
1.019e-02
8.097e-03
4.944e-03
5.457e-03
7.122e-03
6.054e-03
6.170e-03
5.007e-03
5.677e-03
8.192e-03
4.946e-03
5.794e-03
2.661e-03
5.175e-03
3.686e-03
3.142e-03
3.906e-03
4.494e-03
2.891e-03
3.750e-03
1.456e-03
3.258e-03
3.708e-03
3.613e-03
2.462e-03
4.891e-03
2.817e-03
2.420e-03
2.377e-03
2.576e-03
1.750e-03
5.966e-04
2.126e-03
3.267e-03
1.832e-03
2.053e-03
1.037e-03
1.205e-03
1.058e-03
9.636e-04
1.162e-03
0.000e+00
0.000e+00
0.000e+00
0.000e+00
8.473e-03
1.469e-02
1.121e-02
9.825e-03
9.837e-03
1.177e-02
4.347e-03
3.362e-03
3.824e-03
3.625e-03
4.955e-03
4.243e-03
4.934e-03
4.243e-03
5.980e-03
3.708e-03
3.677e-03
5.237e-03
3.270e-03
3.521e-03
4.148e-03
4.704e-03
2.169e-03
3.154e-03
4.818e-03
4.745e-03
4.451e-03
5.164e-03
3.864e-03
2.178e-03
2.787e-03
2.744e-03
2.221e-03
2.377e-03
1.780e-03
2.420e-03
2.754e-03
3.362e-03
2.147e-03
2.671e-03
2.964e-03
1.686e-03
1.236e-03
2.294e-03
1.560e-03
0.000e+00
0.000e+00
0.000e+00
0.000e+00
0.000e+00
3.111e-03
6.714e-03
9.489e-03
9.544e-03
8.064e-03
5.782e-03
4.827e-03
6.222e-03
5.078e-03
4.515e-03
4.735e-03
4.022e-03
4.506e-03
3.405e-03
6.442e-03
4.356e-03
3.750e-03
4.148e-03
3.980e-03
4.231e-03
2.891e-03
3.163e-03
2.105e-03
2.285e-03
2.723e-03
3.142e-03
2.221e-03
2.441e-03
4.368e-03
3.184e-03
3.206e-03
3.007e-03
2.368e-03
2.869e-03
2.221e-03
2.441e-03
2.524e-03
8.168e-04
2.221e-03
1.707e-03
1.949e-03
1.435e-03
1.667e-03
9.423e-04
0.000e+00
0.000e+00
0.000e+00
0.000e+00
0.000e+00
0.000e+00
0.000e+00
3.362e-03
7.302e-03
1.281e-02
7.950e-03
6.421e-03
6.149e-03
5.152e-03
5.656e-03
5.249e-03
5.550e-03
4.870e-03
6.149e-03
3.551e-03
6.705e-03
4.390e-03
4.127e-03
5.479e-03
5.898e-03
5.794e-03
2.986e-03
2.683e-03
3.215e-03
4.316e-03
3.457e-03
5.007e-03
2.273e-03
4.451e-03
3.206e-03
3.206e-03
3.206e-03
2.420e-03
1.906e-03
1.646e-03
2.912e-03
3.457e-03
1.823e-03
1.257e-03
2.472e-03
2.221e-03
1.676e-03
1.949e-03
3.551e-03
0.000e+00
0.000e+00
0.000e+00
0.000e+00
0.000e+00
0.000e+00
0.000e+00
0.000e+00
0.000e+00
4.191e-04
2.053e-03
4.295e-03
6.369e-03
7.164e-03
5.815e-03
5.604e-03
4.891e-03
5.216e-03
5.687e-03
5.142e-03
4.022e-03
4.546e-03
3.487e-03
3.582e-03
4.922e-03
5.320e-03
5.007e-03
2.001e-03
3.561e-03
4.075e-03
4.546e-03
5.194e-03
4.273e-03
2.817e-03
4.096e-03
4.745e-03
2.964e-03
3.341e-03
2.178e-03
2.221e-03
2.796e-03
2.294e-03
3.132e-03
2.450e-03
2.221e-03
1.279e-03
2.640e-03
1.456e-03
1.508e-03
0.000e+00
0.000e+00
0.000e+00
0.000e+00
0.000e+00
0.000e+00
0.000e+00
0.000e+00
0.000e+00
0.000e+00
0.000e+00
0.000e+00
5.445e-04
1.279e-03
1.927e-03
2.869e-03
5.677e-03
3.322e-03
5.017e-03
4.693e-03
3.068e-03
5.102e-03
4.494e-03
3.854e-03
3.331e-03
2.441e-03
3.646e-03
4.693e-03
2.912e-03
4.368e-03
3.362e-03
4.304e-03
3.634e-03
4.169e-03
3.279e-03
3.132e-03
2.126e-03
1.771e-03
3.016e-03
1.646e-03
2.839e-03
1.949e-03
2.566e-03
3.686e-03
2.398e-03
1.309e-03
1.780e-03
1.435e-03
1.141e-03
0.000e+00
0.000e+00
0.000e+00
0.000e+00
0.000e+00
0.000e+00
0.000e+00
0.000e+00
0.000e+00
0.000e+00
0.000e+00
0.000e+00
0.000e+00
0.000e+00
0.000e+00
0.000e+00
5.445e-04
1.037e-03
1.634e-03
1.560e-03
3.414e-03
4.683e-03
3.142e-03
3.206e-03
4.965e-03
3.279e-03
2.817e-03
1.603e-03
3.059e-03
4.546e-03
4.273e-03
2.618e-03
2.566e-03
3.132e-03
2.545e-03
3.111e-03
2.169e-03
1.435e-03
3.625e-03
3.760e-03
1.141e-03
2.169e-03
1.655e-03
1.823e-03
3.854e-03
2.031e-03
2.618e-03
2.221e-03
7.434e-04
0.000e+00
0.000e+00
0.000e+00
0.000e+00
0.000e+00
0.000e+00
0.000e+00
0.000e+00
0.000e+00
0.000e+00
0.000e+00
0.000e+00
0.000e+00
0.000e+00
0.000e+00
0.000e+00
0.000e+00
0.000e+00
0.000e+00
0.000e+00
1.989e-04
1.058e-03
9.849e-04
3.435e-03
3.362e-03
3.760e-03
3.625e-03
3.959e-03
4.766e-03
4.127e-03
5.824e-03
2.576e-03
2.955e-03
3.362e-03
4.001e-03
2.273e-03
4.631e-03
2.368e-03
2.389e-03
2.346e-03
3.038e-03
1.958e-03
2.671e-03
2.649e-03
2.484e-03
3.163e-03
1.833e-03
2.441e-03
2.325e-03
0.000e+00
0.000e+00
0.000e+00
0.000e+00
0.000e+00
0.000e+00
0.000e+00
0.000e+00
0.000e+00
0.000e+00
0.000e+00
0.000e+00
0.000e+00
0.000e+00
0.000e+00
0.000e+00
0.000e+00
0.000e+00
0.000e+00
0.000e+00
0.000e+00
0.000e+00
0.000e+00
0.000e+00
0.000e+00
2.202e-04
1.404e-03
2.304e-03
6.393e-04
2.398e-03
1.970e-03
3.310e-03
5.467e-03
3.487e-03
2.105e-03
2.640e-03
3.132e-03
2.619e-03
3.698e-03
3.111e-03
2.221e-03
2.796e-03
1.906e-03
3.215e-03
3.080e-03
2.472e-03
1.309e-03
1.236e-03
1.624e-03
